1.412786136716929519e+01 2.520525190731412568e+00 2.378567826178149769e+00 3.558494526904245614e+00 3.484852748224418484e+00 3.829761208942670248e+00 3.871953232709851811e+00 2.228569809962010151e+00 3.963424911781153526e+00 3.055685439649446611e+00
2.520525190731412568e+00 1.341329984762283800e+01 2.007322832147151903e+00 3.076943867896855700e+00 3.274351720797077814e+00 2.987326545410703638e+00 3.849082776503933268e+00 1.991742461162306466e+00 3.270068218454241116e+00 2.642717607568538796e+00
2.378567826178149769e+00 2.007322832147151903e+00 1.186045647428995409e+01 2.824406202969274027e+00 2.355015377898320050e+00 2.572682074461040358e+00 2.776429395564699920e+00 1.311191500205917571e+00 2.453598082626036625e+00 2.423174871860793278e+00
3.558494526904245614e+00 3.076943867896855700e+00 2.824406202969274027e+00 1.519799598604794433e+01 3.365962855864832459e+00 4.266617219493622493e+00 4.620414148901089035e+00 2.015416542761454100e+00 3.942248677229282183e+00 4.099418719598554972e+00
3.484852748224418484e+00 3.274351720797077814e+00 2.355015377898320050e+00 3.365962855864832459e+00 1.405964108906474053e+01 3.909866940352690445e+00 4.238635297149723868e+00 2.270013686531125785e+00 3.794961672809866293e+00 2.961343100291634833e+00
3.829761208942670248e+00 2.987326545410703638e+00 2.572682074461040358e+00 4.266617219493622493e+00 3.909866940352690445e+00 1.520219088581698053e+01 4.133189366992855440e+00 2.852460451763084048e+00 3.913727665039267833e+00 3.680967739958979745e+00
3.871953232709851811e+00 3.849082776503933268e+00 2.776429395564699920e+00 4.620414148901089035e+00 4.238635297149723868e+00 4.133189366992855440e+00 1.550387223486809418e+01 1.945060123355520254e+00 4.674801601768753478e+00 3.879442293124552243e+00
2.228569809962010151e+00 1.991742461162306466e+00 1.311191500205917571e+00 2.015416542761454100e+00 2.270013686531125785e+00 2.852460451763084048e+00 1.945060123355520254e+00 1.290810242386201523e+01 2.073708822708896005e+00 1.995098247910760181e+00
3.963424911781153526e+00 3.270068218454241116e+00 2.453598082626036625e+00 3.942248677229282183e+00 3.794961672809866293e+00 3.913727665039267833e+00 4.674801601768753478e+00 2.073708822708896005e+00 1.446207348364692891e+01 3.330729729750124601e+00
3.055685439649446611e+00 2.642717607568538796e+00 2.423174871860793278e+00 4.099418719598554972e+00 2.961343100291634833e+00 3.680967739958979745e+00 3.879442293124552243e+00 1.995098247910760181e+00 3.330729729750124601e+00 1.382126761089522837e+01
